34 78 34 78 34 1
2 1 i 148 111
6 1 i 224 75
10 1 i 155 131 109
28 1 i 18 202
31 1 i 155 60 139
35 1 i 34 40 74 45 15 144 17 251 255
38 1 i 57 234 60 55
53 1 i 225 130 197 135 201 74 71 77 48 147 148 54 217 152 244 253
58 1 i 242 258
61 1 i 7 111 144 217 89 27
63 1 i 65 242 243 52
78 1 i 1 4 86 40 234 240 72 8 152 89
82 1 i 240 193 151
84 1 i 147 46 70 235
87 1 i 256 197 139 109 151 156
102 1 i 179 158 54
104 1 i 39 123 110 15
105 1 i 48 17 27 4
108 1 i 130 34
122 1 i 225 179 212 70
127 1 i 235 212
129 1 i 201 255
133 1 i 226 251 135
143 1 i 209 142
165 1 i 124 23
169 1 i 88 178 131 52 55
172 1 i 193 226 33 124 106 75 258 110 209 18 243 21 238 88 57 156 220
188 1 i 33 14
191 1 i 224 65 256 39 72 106 141 14 178 142 23 202
194 1 i 21 86
210 1 i 8 123 220 77 141
216 1 i 71
231 1 i 46 158 253
237 1 i 1 244 45 238 7
1 2 x 92 167
4 2 x 0 167
7 2 x 208 92
8 2 x 117 167
14 2 x 36 101
15 2 x 138 195
17 2 x 0 138
18 2 x 19 229
21 2 x 41 19
23 2 x 73 101
27 2 x 0 208
33 2 x 19 36
34 2 x 200 138
39 2 x 195 101
40 2 x 138 167
45 2 x 138 92
46 2 x 85 174
48 2 x 0 204
52 2 x 81 154
54 2 x 252 204
55 2 x 81 190
57 2 x 19 190
60 2 x 184 190
65 2 x 154 101
70 2 x 213 174
71 2 x 204 125
72 2 x 101 167
74 2 x 138 204
75 2 x 19 164
77 2 x 204 117
86 2 x 41 167
88 2 x 81 19
89 2 x 208 167
106 2 x 19 101
109 2 x 232 115
110 2 x 19 195
111 2 x 208 160
123 2 x 195 117
124 2 x 73 19
130 2 x 200 204
131 2 x 81 115
135 2 x 204 29
139 2 x 232 184
141 2 x 117 101
142 2 x 101 239
144 2 x 208 138
147 2 x 204 174
148 2 x 160 204
151 2 x 232 227
152 2 x 204 167
155 2 x 184 115
156 2 x 232 19
158 2 x 252 85
178 2 x 81 101
179 2 x 252 213
193 2 x 19 227
197 2 x 232 204
201 2 x 204 246
202 2 x 229 101
209 2 x 19 239
212 2 x 24 213
217 2 x 208 204
220 2 x 19 117
224 2 x 164 101
225 2 x 204 213
226 2 x 19 29
234 2 x 190 167
235 2 x 24 174
238 2 x 19 92
240 2 x 227 167
242 2 x 154 150
243 2 x 154 19
244 2 x 92 204
251 2 x 138 29
253 2 x 204 85
255 2 x 138 246
256 2 x 232 101
258 2 x 19 150
0 3 + 66 11 12 223
19 3 + 161 98 203 68 134 49 233 42 107 112 113 171 149 22 247 56 221
24 3 + 218 228
29 3 + 68 181 175
36 3 + 56 62
41 3 + 80 161
73 3 + 22 207
81 3 + 32 146 107 44 157
85 3 + 64 3 140
92 3 + 177 90 26 222 233
101 3 + 128 37 230 113 47 236 207 145 62 59 157 126
115 3 + 192 146 163
117 3 + 112 241 69 126 103
125 3 + 5
138 3 + 198 83 181 186 90 211 189 30 223
150 3 + 9 247
154 3 + 9 59 44 221
160 3 + 166 119
164 3 + 145 98
167 3 + 67 37 11 80 241 215 26 219 189 159
174 3 + 64 132 168 228
184 3 + 187 196 163
190 3 + 32 49 187 215
195 3 + 47 211 134 103
200 3 + 97 198
204 3 + 97 66 3 132 5 166 137 170 76 206 175 83 180 69 222 159
208 3 + 67 170 12 177 119 186
213 3 + 168 185 218 206
227 3 + 51 171 219
229 3 + 42 236
232 3 + 192 196 230 137 51 149
239 3 + 128 203
246 3 + 180 30
252 3 + 76 140 185
3 4 x 176 182
5 4 x 43 182
9 4 x 248 257
11 4 x 249 13
12 4 x 249 116
22 4 x 120 114
26 4 x 13 79
30 4 x 96 99
32 4 x 100 118
37 4 x 250 13
42 4 x 120 91
44 4 x 257 118
47 4 x 153 250
49 4 x 120 100
51 4 x 16 25
56 4 x 120 245
59 4 x 257 250
62 4 x 250 245
64 4 x 176 20
66 4 x 249 182
67 4 x 116 13
68 4 x 120 183
69 4 x 93 182
76 4 x 182 214
80 4 x 13 254
83 4 x 96 182
90 4 x 96 79
97 4 x 162 182
98 4 x 120 205
103 4 x 153 93
107 4 x 120 118
112 4 x 120 93
113 4 x 120 250
119 4 x 116 199
126 4 x 250 93
128 4 x 250 94
132 4 x 20 182
134 4 x 120 153
137 4 x 25 182
140 4 x 176 214
145 4 x 250 205
146 4 x 136 118
149 4 x 120 25
157 4 x 250 118
159 4 x 13 182
161 4 x 120 254
163 4 x 136 95
166 4 x 182 199
168 4 x 20 173
170 4 x 116 182
171 4 x 16 120
175 4 x 182 183
177 4 x 116 79
180 4 x 99 182
181 4 x 96 183
185 4 x 173 214
186 4 x 96 116
187 4 x 100 95
189 4 x 96 13
192 4 x 136 25
196 4 x 25 95
198 4 x 96 162
203 4 x 120 94
206 4 x 173 182
207 4 x 114 250
211 4 x 96 153
215 4 x 100 13
218 4 x 50 173
219 4 x 16 13
221 4 x 120 257
222 4 x 182 79
223 4 x 96 249
228 4 x 50 20
230 4 x 25 250
233 4 x 120 79
236 4 x 250 91
241 4 x 13 93
247 4 x 120 248
13 5 + 121
16 5 + 121
20 5 + 121
25 5 + 121
43 5 + 121
50 5 + 121
79 5 + 121
91 5 + 121
93 5 + 121
94 5 + 121
95 5 + 121
96 5 + 121
99 5 + 121
100 5 + 121
114 5 + 121
116 5 + 121
118 5 + 121
120 5 + 121
136 5 + 121
153 5 + 121
162 5 + 121
173 5 + 121
176 5 + 121
182 5 + 121
183 5 + 121
199 5 + 121
205 5 + 121
214 5 + 121
245 5 + 121
248 5 + 121
249 5 + 121
250 5 + 121
254 5 + 121
257 5 + 121
121 6 +
